0
578.0
578.1
582.2
582.3
582.4
582.5
582.6
582.7
582.8
582.9
583.0
583.1
583.2
583.3
583.4
583.5
583.6
583.7
583.8
583.9
584.0
584.1
584.2
584.3
584.4
584.5
584.6
584.7
584.8
584.9
585.0
585.1
585.2
585.3
585.4
585.5
585.7
585.8
585.9
586.0
586.1
586.2
586.3
586.4
586.5
586.6
586.7
586.8
586.9
587.0
587.1
587.2
587.3
587.4
587.5
587.6
587.7
587.8
587.9
588.0
588.1
588.2
588.3
588.4
588.5
588.6
588.7
588.8
588.9
589.0
589.1
589.2
589.3
589.4
589.5
589.6
589.7
589.8
589.9
590.0
590.1
590.2
590.3
590.4
590.6
590.7
590.8
590.9
591.0
591.1
591.2
591.3
591.4
591.5
591.6
591.7
591.8
591.9
592.0
592.1
592.2
592.3
592.4
592.5
592.6
592.7
592.8
592.9
593.0
593.1
593.2
593.3
593.4
593.5
593.6
593.7
593.8
593.9
594.0
594.1
594.2
594.3
594.4
594.5
594.6
594.7
594.8
594.9
595.0
595.1
595.2
595.3
595.4
595.5
595.6
595.7
595.8
595.9
596.0
596.1
596.2
596.4
596.4
596.6
596.7
596.8
596.9
597.0
597.1
597.2
597.3
597.4
598.2
598.3
598.4
598.5
598.6
598.7
598.8
598.9
599.0
599.1
599.2
599.3
599.4
599.5
599.6
599.7
599.8
599.9
600.0
600.1
600.2
600.3
600.4
600.5
600.6
600.7
600.8
600.9
601.0
601.1
601.2
601.3
601.4
601.5
601.6
601.7
601.8
601.9
602.0
602.2
602.2
602.4
602.5
604.4
604.5
604.6
604.7
604.8
604.9
605.0
605.1
605.2
605.3
605.4
605.5
605.6
605.7
605.8
605.9
606.0
606.1
606.2
606.3
606.4
606.5
606.6
606.7
606.8
606.9
607.0
607.1
607.2
607.3
607.4
607.5
607.6
607.8
607.8
608.0
608.1
608.2
608.3
608.4
608.5
608.6
